10
20 0.840188 0.394383 0.783099 0.79844 0.911647 0.197551 0.335223 0.76823 0.277775 0.55397 0.477397 0.628871 0.364784 0.513401 0.95223 0.916195 0.635712 0.717297 0.141603 0.606969 
20 1.84019 1.39438 1.7831 1.79844 1.91165 1.19755 1.33522 1.76823 1.27777 1.55397 1.4774 1.62887 1.36478 1.5134 1.95223 1.9162 1.63571 1.7173 1.1416 1.60697 
20 2.70098 2.80968 2.0888 2.12148 2.34831 2.42196 2.69981 2.06638 2.58748 2.64297 2.9906 2.29572 2.27134 2.06966 2.94964 2.38218 2.32271 2.98837 2.84252 2.27531 
20 3.56138 3.22498 3.39309 3.44394 3.28504 3.14478 3.56355 3.86468 3.8954 3.2308 3.00401 3.46058 3.17632 3.62617 3.94487 3.84608 3.01 3.25708 3.04075 3.44395 
20 4.91646 4.13398 4.19121 4.26008 4.21428 4.36016 4.4198 4.65408 4.19437 4.30973 4.50687 4.11467 4.5707 4.67018 4.92715 4.29734 4.68248 4.01022 4.72389 4.09506 
20 5.27475 5.04647 5.99276 5.08003 5.14769 5.07964 5.28057 5.44846 5.49825 5.894 5.01567 5.27465 5.97142 5.22128 5.4165 5.25614 5.36342 5.27185 5.41597 5.25624 
20 6.13544 6.96252 6.79973 6.40301 6.08513 6.80563 6.64516 6.2474 6.30989 6.98312 6.52966 6.94383 6.87826 6.77829 6.4167 6.22266 6.55112 6.04622 6.61777 6.42522 
20 7.4869 7.86798 7.59259 7.21471 7.01023 7.51482 7.99595 7.03193 7.60157 7.05534 7.52678 7.08937 7.76444 7.81549 7.88897 7.1639 7.2155 7.78768 7.7887 7.06665 
20 8.35276 8.78959 8.90583 8.04389 8.95426 8.24827 8.86798 8.83871 8.92209 8.6534 8.55007 8.26913 8.68201 8.38355 8.90175 8.6433 8.91635 8.57701 8.00596 8.75127 
20 9.20697 9.69952 9.20343 9.35888 9.88453 9.46324 9.72275 9.62921 9.72079 9.73047 9.05407 9.92318 9.0741 9.9287 9.88428 9.09179 9.0899 9.33079 9.6858 9.90327 
